1
1-5
00000
0   0
0   0
0   0
0   0
0   0
00000

2-8
  0000
 0    0
0 0  0 0
0      0
0 0  0 0
0  00  0
 0    0
  0000
3-7
 00 00
0000000
0000000
0000000
 00000
  000
   0
   
4-7
   0
  000
 00000
0000000
 00000
  000
   0
   
16-4
0
00
000
0000
000
00
0

17-4
   0
  00
 000
0000
 000
  00
   0
   
32-2








33-1
0
0
0
0
0

0

34-3
0 0
0 0
0 0





35-5
 0 0
 0 0
00000
 0 0
00000
 0 0
 0 0

36-5
  0
 0000
0 0
 000
  0 0
0000
  0

37-7
00
00   0
    0
   0
  0
 0   00
     00

38-5
 0
0 0
0 0
 0
0 0 0
0  0
 00 0
  
39-1
0
0
0





40-3
  0
 0
0
0
0
 0
  0

41-3
0
 0
  0
  0
  0
 0
0

42-5
  0
0 0 0
 000
  0
 000
0 0 0
  0
  
43-5  

  0
  0
00000
  0
  0

  
44-2





 0
 0
0
45-5



00000




46-1






0

47-5
    
    0
   0
  0
 0
0


48-5
 000
0   0
0  00
0 0 0
00  0
0   0
 000

49-3
 0
00
 0
 0
 0
 0
000

50-5
 000
0   0
    0
  00
 0
0
00000

51-5
00000
    0
   0
  00
    0
0   0
 000

52-5
   0
  00
 0 0
0  0
00000
   0
   0

53-5
00000
0
0000
    0
    0
0   0
 000

54-5
  000
 0
0
0000
0   0
0   0
 000

55-5
00000
    0
   0
  0
 0
 0
 0

56-5
 000
0   0
0   0
 000
0   0
0   0
 000

57-5
 000
0   0
0   0
 0000
    0
   0
000

58-1



0

0


59-2



 0

 0
 0
0
60-4
   0
  0
 0
0
 0
  0
   0

61-5


00000

00000



62-4
0
 0
  0
   0
  0
 0
0

63-5
 000
0   0
   0
  0
  0

  0

64-5
 000
0   0
0 0 0
0 000
0 00
0
 0000

65-5
  0
 0 0
0   0
0   0
00000
0   0
0   0

66-5
0000
0   0
0   0
0000
0   0
0   0
0000

67-5
 000
0   0
0
0
0
0   0
 000

68-5
0000
0   0
0   0
0   0
0   0
0   0
0000

69-5
00000
0
0
0000
0
0
00000

70-5
00000
0
0
0000
0
0
0

71-5
 0000
0
0
0
0  00
0   0
 0000

72-5
0   0
0   0
0   0
00000
0   0
0   0
0   0

73-3
000
 0
 0
 0
 0
 0
000 
 
74-5 
    0
    0
    0
    0
    0
0   0
 000

75-5
0   0
0  0
0 0
00
0 0
0  0
0   0

76-5
0
0
0
0
0
0
00000

77-5
0   0
00 00
0 0 0
0 0 0
0   0
0   0
0   0

78-5
0   0
0   0
00  0
0 0 0
0  00
0   0
0   0

79-5
 000
0   0
0   0
0   0
0   0
0   0
 000

80-5
0000
0   0
0   0
0000
0
0
0

81-5
 000
0   0
0   0
0   0
0 0 0
0  0
 00 0

82-5
0000
0   0
0   0
0000
0 0
0  0
0   0

83-5
 000
0   0
0
 000
    0
0   0
 000

84-5
00000
  0
  0
  0
  0
  0
  0

85-5
0   0
0   0
0   0
0   0
0   0
0   0
 000

86-5
0   0
0   0
0   0
0   0
0   0
 0 0
  0

87-5
0   0
0   0
0   0
0 0 0
0 0 0
00 00
0   0

88-5
0   0
0   0
 0 0
  0
 0 0
0   0
0   0

89-5
0   0
0   0
 0 0
  0
  0
  0
  0

90-5
00000
    0
   0
  0
 0
0
00000

91-3
000
0
0
0
0
0
000

92-5

0
 0
  0
   0
    0


93-3
000
  0
  0
  0
  0
  0
000

94-5

  0
 0 0
0   0




95-5






00000

96-3
0
 0
  0





97-5


 000
    0
 0000
0   0 
 0000

98-5
0
0
0000
0   0
0   0
0   0
0000

99-5


 0000
0
0
0
 0000

100-5
    0
    0
 0000
0   0
0   0
0   0
 0000

101-5


 000
0   0
00000
0
 0000

102-5
  00
 0  0
 0
0000
 0
 0
 0

103-5


 000
0   0
0   0
 0000
    0
 000
104-5
0
0
0000
0   0
0   0
0   0
0   0

105-3
 0

00
 0
 0
 0
000

106-4
   0

  00
   0
   0
   0
0  0
 00
107-5
0
0
0   0
0  0
000
0  0
0   0

108-3
00
 0
 0
 0
 0
 0
000

109-5


00 00
0 0 0
0 0 0
0   0
0   0

110-5


0000
0   0
0   0
0   0
0   0

111-5


 000
0   0
0   0
0   0
 000

112-5

0000
0   0
0   0
0   0
0000
0
0
113-5

 0000
0   0
0   0
0   0
 0000
    0
    0
114-5


0 000
00
0
0
0

115-5


 0000
0
 000
    0
0000

116-5
 0
 0
0000
 0
 0
 0  0
  00

117-5


0   0
0   0
0   0
0  00
 00 0

118-5


0   0
0   0
0   0
 0 0
  0

119-5


0   0
0   0
0 0 0
0 0 0
00 00

120-5


0   0
 0 0
  0
 0 0
0   0

121-5


0   0
0   0
0   0
 0000
    0
 000
122-5


00000
   0
  0
 0
00000

123-5
  000
 00
 00
00
 00
 00
  000

124-1
0
0
0
0
0
0
0

125-5
000
  00
  00
   00
  00
  00
000

126-5
 00 0
0 00






EOF

